CATGTRSBDP
1	-1	0
0
brpo.ali
4
None
0
1
(Cryptospor,(Archaeoglo,(((((((((((Phytophtho,(Pyrobaculu,Pyrococcus)),Plasmodium),Sulfolobus),Phaeodacty),Oryza_sati),((Cryptococc,Theileria0),Glomus_int)),Rhodophyta),((((Mammalians,Candida_al),((((Schizosacc,Aeropyrum0),(Tunicates0,Thalassios)),Methanococ),(Toxoplasma,Ustilago_m))),Monosiga_b),Neurospora)),((Chytridiom,Arabidopsi),Saccharomy)),Encephalit),Drosophila)),Dictyostel);
(Cryptospor:0.0192609820584937,(Archaeoglo:0.0892969991891813,(((((((((((Phytophtho:0.0295572306149238,(Pyrobaculu:0.101199984957756,Pyrococcus:0.00642872818701679):0.181235067910826):0.311152538549974,Plasmodium:0.0266104998445565):0.0088170848215458,Sulfolobus:0.0914235363336354):0.0559712018967573,Phaeodacty:0.0603360042626181):0.102913046423647,Oryza_sati:0.155443265813211):0.0167970754684518,((Cryptococc:0.00462444374086215,Theileria0:0.082812995328527):0.103988519525376,Glomus_int:0.522539530413682):0.0132069176403528):0.225144090142745,Rhodophyta:0.0683979744364339):0.392588092337362,((((Mammalians:0.141846921672519,Candida_al:0.122976889878854):0.019753143713667,((((Schizosacc:0.0891383508441742,Aeropyrum0:0.14036631289233):0.142471467966008,(Tunicates0:0.0943163042150026,Thalassios:0.111186134215541):0.696770382528719):0.017633370995551,Methanococ:0.248888446416041):0.00226075750429319,(Toxoplasma:0.0111349611841421,Ustilago_m:0.0593270618975139):0.0627303985601075):0.0228934481386975):0.14239385290825,Monosiga_b:0.27189727781777):0.026742913779125,Neurospora:0.0334997746182427):0.0209511908393663):0.0709929119324802,((Chytridiom:0.400333317613759,Arabidopsi:0.0168310156259606):0.108788265118629,Saccharomy:0.0146147366503965):0.0778156269741498):0.18483287254817,Encephalit:0.0375147393399571):0.0125579262831311,Drosophila:0.132248685650408):0.1424566460378):0.0877529319459174,Dictyostel:0.0331008903056086);
1
10
1
438
1
1	1	1	1	1	1	1	1	1	1	1	1	1	1	1	1	1	1	1	1	

1.81682	0.458545	0.257782	0.198243	0.116121	0.795835	1.74277	0.344022	0.772129	0.0421611	1.10765	0.28577	5.73706	1.30412	3.02782	2.28502	1.31087	0.830289	0.144889	0.435456	1.2039	0.013094	7.25874	0.572396	0.809782	0.345668	1.6857	2.48498	1.59801	0.226893	0.778895	0.153801	0.715125	0.17411	1.26425	4.84962	0.24634	0.604896	1.36953	2.27297	5.00112	0.708199	0.779916	0.910432	0.436653	0.133686	0.34271	0.334431	0.326185	1.251	1.62892	0.0139944	0.507729	0.71918	0.199489	1.48511	1.30649	0.836667	0.0523051	0.159274	0.348898	0.436848	3.29884	0.0164673	2.70215	1.60402	3.09554	1.41216	0.0601323	0.182226	0.11324	0.197771	0.171543	0.822921	0.844417	1.75334	1.19958	0.47274	0.258771	0.511067	0.0981882	0.341384	2.07062	0.123672	0.283175	0.249902	0.234346	0.784375	1.54308	0.0644931	1.07857	0.177147	0.617361	1.24643	2.63261	0.542996	0.190382	0.371139	1.72413	0.00486327	0.593176	1.8258	0.965343	0.295923	1.45652	1.69106	0.537129	0.182695	1.18032	0.823103	0.192984	0.0121915	0.313449	3.28435	1.98299	0.891674	0.90657	1.87829	1.34746	0.0459894	0.707816	1.24666	0.167458	0.121419	0.926389	0.777711	0.262427	4.06565	0.38998	0.243839	0.309906	0.113117	1.67692	0.178474	0.022225	0.384772	1.13886	1.21666	1.09698	0.885353	1.48731	0.896007	2.16637	0.144455	0.485316	0.329152	1.25663	0.752883	1.48364	0.226217	0.623777	0.452936	0.609996	1.86443	0.306721	0.0795774	1.81656	0.624392	0.956437	5.19166	0.614772	0.0555165	0.0505133	1.82458	0.58961	0.507655	0.656106	0.0685616	2.87792	1.38648	1.14788	0.994969	0.916444	0.209045	1.87797	1.36159	3.25058	1.34455	0.435709	0.547101	0.700266	0.459753	0.17797	0.14772	0.292107	2.28367	0.243504	1.55213	0.504908	0.737446	

0.0274505	0.0497837	0.0125089	0.0939046	0.0108845	0.00743212	0.0413844	0.0343792	0.0399707	0.0419112	0.0134055	0.00239432	0.128817	0.0685561	0.114987	0.0147615	0.104871	0.0495141	0.12652	0.0165643	
0.0181933	0.0488691	0.0164012	0.0362182	0.0128729	0.0410033	0.0857947	0.0289533	0.0625872	0.0488013	0.0619819	0.0315189	0.0143132	0.210719	0.0551216	0.164056	0.025302	0.000747167	0.0122804	0.0242659	
0.0380007	0.0346437	0.0109684	0.0204603	0.03815	0.0106837	0.11249	0.257639	0.131609	0.0197649	0.02261	0.000443752	0.030977	0.00253801	0.129558	0.024317	0.00454286	0.0458453	0.00514558	0.0596126	
0.0192347	0.0273128	0.193729	0.017726	0.150379	0.0236709	0.0702071	0.0286751	0.00171129	0.00325219	0.0210775	0.0100792	0.042528	0.000481873	0.120503	0.0456999	0.0243643	0.0363588	0.122512	0.0404973	
0.0348105	0.029586	0.0296145	0.0337898	0.00708703	0.0186763	0.110268	0.0167557	0.0158824	0.12496	0.0594007	0.00378616	0.00271516	0.0940095	0.206748	0.00493516	0.0970353	0.0350077	0.0697566	0.00517543	
0.00061953	0.0190197	0.0267774	0.0236305	0.00783913	0.0188854	0.0221914	0.0191777	0.0115869	0.140258	0.105218	0.116685	0.0700684	0.0137072	0.00984012	0.0883706	0.0475332	0.187366	0.0361858	0.0350397	
0.128741	0.0159479	0.0986036	0.00662648	0.0448408	0.0191879	0.0413369	0.052727	0.0843886	0.00675448	0.0354579	0.132928	0.050162	0.0514091	0.0316139	0.00378261	0.0637626	0.0403827	0.0762973	0.0150496	
0.0143978	0.0089536	0.0544802	0.0474098	0.0123828	0.0621704	0.10198	0.0938576	0.152674	0.0803238	0.0564319	0.0130047	0.031699	0.0243371	0.000693674	0.106221	0.0236662	0.0537021	0.0549123	0.0067024	
0.0151132	0.0254232	0.0052178	0.0256178	0.0695463	0.0352223	0.10488	0.00284296	0.0211518	0.0362937	0.0585709	0.0589397	0.102521	0.0204233	0.0433065	0.0924074	0.0419014	0.0140325	0.0549066	0.171682	
0.172026	0.00438876	0.0196638	0.0563906	0.001015	0.0178083	0.00938964	0.0198399	0.00653562	0.0553228	0.100813	0.00541688	0.00751219	0.0981949	0.0164378	0.0298151	0.149204	0.163162	0.0328768	0.0341868	
0.0217783	0.0240083	0.0278978	0.145265	0.072723	0.00127939	0.0379774	0.0159313	0.025103	0.0133995	0.129138	0.00292338	0.00116805	0.0805751	0.232367	0.0661642	0.00488193	0.0322257	0.00956434	0.0556293	
0.0233761	0.00629492	0.00718672	0.0952269	0.100239	0.147641	0.124563	0.0240198	0.00111613	0.00191269	0.0188611	0.0270303	0.0129679	0.0212105	0.0297764	0.200236	0.0189056	0.0129561	0.0196471	0.106833	
0.0147582	0.0146131	0.00562777	0.00380676	0.0378585	0.0618063	0.0139609	0.0597626	0.0524894	0.0627232	0.0713528	0.0351131	0.186762	0.103761	0.0709043	0.0596917	0.0919303	0.00878271	0.0226108	0.0216844	
0.0102592	0.0432522	0.0615594	0.104534	0.0237121	0.0277612	0.0211503	0.0402393	0.0458074	0.0357922	0.152569	0.0196857	0.0361871	0.00295735	0.0358903	0.0348376	0.0381046	0.129001	0.118753	0.017947	
0.0696431	0.048517	0.0280289	0.0356067	0.0531344	0.0326462	0.0152158	0.0306336	0.0494539	0.0142344	0.137447	0.0403267	0.0497908	0.0475068	0.147491	0.14293	0.00703604	0.00194591	0.0155036	0.0329081	
0.0177761	0.0977366	0.010642	0.00233043	0.0407657	0.0618495	0.0200564	0.135955	0.0214717	0.0592745	0.0369755	0.0483801	0.0579159	0.0218886	0.0742239	0.049884	0.0293485	0.0206583	0.161435	0.0314326	
0.00345004	0.0673581	0.0329294	0.0381767	0.0346799	0.0475667	0.0628332	0.00227729	0.011484	0.169291	0.0623511	0.0277821	0.0221182	0.121221	0.0134265	0.108193	0.00775517	0.0645508	0.0822414	0.0203143	
0.0307237	0.0291886	0.015333	0.0166431	0.024116	0.17221	0.0425202	0.00083415	0.0477325	0.162062	0.0178019	0.134037	0.00133124	0.108736	0.0284808	0.0849244	0.00572097	0.0222446	0.0463718	0.00898831	
0.00305144	0.0585104	0.0390018	0.0585739	0.147848	0.00628016	0.0128525	0.160872	0.0117146	0.141279	0.096303	0.0254926	0.0144063	0.0144017	0.0117547	0.109264	0.0346248	0.0364972	0.00161475	0.0156568	
0.176416	0.0771048	0.0907721	0.0735888	0.00947253	0.0322658	0.103868	0.0176088	0.0797736	0.0226818	0.0686916	0.000620795	0.0241388	0.000755052	0.0461492	0.0399796	0.0222237	0.00341993	0.0890492	0.0214205	
0.014032	0.0934661	0.0924896	0.000345816	0.0673946	0.137046	0.105124	0.0763403	0.00301785	0.00182258	0.0284376	0.00608874	0.143358	0.0278559	0.149375	0.0220109	0.00946503	0.000757802	0.00289973	0.018673	
0.0115202	0.035182	0.119516	0.113838	0.0220943	0.00406196	0.0481559	0.011215	0.0839418	0.0839663	0.00917566	0.0172763	0.0461983	0.0309053	0.0490106	0.0440567	0.0302689	0.0674915	0.0230304	0.149095	
0.0116467	0.0284338	0.0108933	0.0802629	0.0139329	0.260011	0.000483454	0.0302761	0.0027734	0.100261	0.0107409	0.0361444	0.00685694	0.0963067	0.00310379	0.0550625	0.0407286	0.0542282	0.105974	0.0518799	
0.00109865	0.0172614	0.0277648	0.047042	0.00531999	0.0281033	0.0746577	0.152833	0.00926167	0.0657818	0.0326713	0.0345348	0.042982	0.0793151	0.0957512	0.102915	0.0432116	0.0701003	0.020246	0.0491486	
0.169076	0.0373709	0.0967166	0.0424137	0.124749	0.0139116	0.0163918	0.00125264	0.0860874	0.022793	0.0232427	0.0375973	0.0373037	0.145032	0.0130747	0.00268844	0.0219703	0.031822	0.0506353	0.0258711	
0.0508048	0.0089737	0.106469	0.0033173	0.0529707	0.0592933	0.0156215	0.105517	0.0434261	0.0211367	0.0614507	0.0790024	0.111794	0.0223381	0.0598026	0.00210629	0.00790508	0.0180409	0.156744	0.0132867	
0.0443624	0.0266319	0.0282981	0.0613522	0.114027	0.0114916	0.0120315	0.0588452	0.0437133	0.0156796	0.0964927	0.119974	0.00483829	0.0392815	0.0171415	0.198755	0.0461388	0.0416098	0.0149016	0.00443335	
0.0551894	0.0533898	0.0263609	0.0630294	0.0155852	0.0559511	0.0750014	0.118054	0.162057	0.00442762	0.0238298	0.045102	0.0214409	0.0243049	0.0311424	0.00731309	0.0767847	0.102871	0.0062183	0.031947	
0.00382433	0.00637823	0.133797	0.145122	0.0625772	0.134002	0.0660539	0.0185998	0.00124172	0.0312293	0.0669545	0.0202718	0.0256539	0.0121782	0.0569189	0.00221426	0.0121778	0.0280792	0.0724702	0.100256	
0.0254324	0.00485532	0.00726313	0.0399936	0.0273934	0.0170454	0.0129842	0.0797133	0.0243497	0.0140367	0.24984	0.118513	0.00674585	0.00970857	0.0308194	0.00474834	0.164734	0.0638937	0.0689737	0.0289568	
0.0594638	0.0550447	0.0145598	0.0185665	0.0718987	0.0672274	0.00621671	0.0930118	0.00451007	0.0769232	0.0867288	0.124563	0.0216063	0.0324309	0.00450009	0.0684479	0.00676422	0.0153374	0.101076	0.0711231	
0.00326829	0.0233852	0.0272899	0.0104122	0.0987471	0.0541659	0.082478	0.0204564	0.0867714	0.0363009	0.0801879	0.0315806	0.170864	0.0157938	0.0597366	0.0237873	0.0658076	0.0613742	0.0258088	0.0217834	
0.0263303	0.0649349	0.0216385	0.13008	0.0698686	0.110467	0.0464967	0.0288603	0.00325788	0.148327	0.0191132	0.0236755	0.000467135	0.0925953	0.0252292	0.0351493	0.0424045	0.0213098	0.0522755	0.0375189	
0.0538994	0.190081	0.0946903	0.0217686	0.00944275	0.0271883	0.135415	0.0734011	0.0264475	0.000272823	0.0174303	0.042659	0.0491027	0.00960756	0.0406787	0.004836	0.0901956	0.0474471	0.00835701	0.05708	
0.0109487	0.0523706	0.0366109	0.118144	0.00806841	0.123284	0.0735702	0.0825399	0.0148294	0.0313741	0.0507306	0.00395411	0.0409453	0.0301025	0.0542154	0.0562028	0.0611086	0.039227	0.0230839	0.0886893	
0.0543974	0.0152453	0.0783242	0.0194492	0.0883624	0.0050896	0.124965	0.0504614	0.0667481	0.0035372	0.00965871	0.0306835	0.00105356	0.0289094	0.00393402	0.0891285	0.0507423	0.111953	0.10132	0.0660378	
0.0142657	0.0187905	0.0926406	0.0639917	0.0152705	0.0703926	0.00175864	0.0493675	0.0281564	0.0489642	0.0234866	0.0112439	0.0176492	0.021886	0.118638	0.0246968	0.0959485	0.0630422	0.0779439	0.141867	
0.0926213	0.0397184	0.0101583	0.0625879	0.0676708	0.0795638	0.0503212	0.111503	0.0709581	0.162153	0.02072	0.0126398	0.0584846	0.000119329	0.0482486	0.0285178	0.038717	0.0223605	0.00605941	0.0168767	
0.00840138	0.0903428	0.00706089	0.0374097	0.00491581	0.0707258	0.0536708	0.00878239	0.0984349	0.0216501	0.110344	0.115115	0.0689098	0.0240385	0.00417956	0.00393843	0.0185593	0.0614856	0.0842805	0.107754	
0.00125378	0.0804382	0.0237607	0.178253	0.0633475	0.050814	0.0165813	0.0152594	0.0252627	0.00446683	0.0250444	0.00734831	0.129954	0.0181857	0.0657195	0.0268728	0.0385764	0.0346423	0.125176	0.0690429	
0.0616543	0.050972	0.0556068	0.0202933	0.00428294	0.0239442	0.0735001	0.110871	0.061546	0.0118344	0.0849318	0.052283	0.00242175	0.00337517	0.0200506	0.0522727	0.0721999	0.13846	0.0244959	0.0750041	
0.0050161	0.00218571	0.0563187	0.0554109	0.00653307	0.0277954	0.0833261	0.146445	0.134908	0.0234592	0.0699018	0.0400063	0.00322855	0.0172601	0.131968	0.0381811	0.050014	0.0207052	0.0816542	0.00568252	
0.0572361	0.00440557	0.0409305	0.00876954	0.0821658	0.042409	0.00464939	0.0653873	0.0186281	0.0481765	0.0777329	0.0900437	0.171862	0.0176009	0.0145867	0.00112967	0.0482781	0.135555	0.0191883	0.0512654	
0.0256961	0.0137552	0.067301	0.0845868	0.0281921	0.0310167	0.0411429	0.042606	0.0509671	0.0846473	0.0188353	0.0153485	0.0990596	0.00977793	0.0870435	0.0302977	0.0405398	0.0347102	0.0550543	0.139422	
0.0443192	0.0686786	0.0896301	0.040024	0.0131224	0.0520019	0.0242864	0.003429	0.0373955	0.143728	0.0420481	0.0292614	0.0743254	0.0108219	0.0621372	0.0276	0.00347897	0.0247403	0.137192	0.07178	
0.00244703	0.00557054	0.0695574	0.0121948	0.128651	0.0128787	0.124547	0.00732577	0.168236	0.045537	0.00983673	0.0588597	0.0115521	0.00493452	0.0901179	0.103759	0.0633014	0.0528565	0.00657381	0.0212634	
0.00221949	0.12943	0.00379921	0.0242233	0.0230653	0.0342043	0.0282686	0.108979	0.0518097	0.00199862	0.233098	0.0722783	0.0532235	0.0616258	0.0170755	0.0391653	0.0112736	0.00314203	0.0515932	0.0495271	
0.0149457	0.168196	0.0275393	0.00814855	0.0394669	0.0949104	0.0598465	0.0638888	0.00566812	0.0296703	0.0146056	0.0242934	0.00749956	0.127459	0.0516902	0.00671316	0.130925	0.00889141	0.0194539	0.096188	
0.152919	0.130372	0.0063624	0.0256014	0.0269805	0.0136455	0.0376768	0.006898	0.124225	0.0867362	0.0290345	0.0962178	0.0225454	0.104846	0.000966026	0.0232918	0.017609	0.0351213	0.025924	0.0330284	
0.0839788	0.0360354	0.00758487	0.061601	0.128231	0.105916	0.00235174	0.0507051	0.0426942	0.0634792	0.106471	0.138462	0.00386138	0.0351852	0.011726	0.00287674	0.00951684	0.0544794	0.0182016	0.0366423	
0.126227	0.0164632	0.100216	0.00669763	0.0371249	0.0428324	0.0530988	0.00319039	0.0676141	0.021229	0.0490755	0.0037111	0.00934242	0.121661	0.0360981	0.0708972	0.0115966	0.00836989	0.15532	0.059235	
0.0112011	0.0146349	0.0230185	0.0571931	0.023668	0.0952758	0.125263	0.0145762	0.0576405	0.0443428	0.10622	0.0875227	0.00467519	0.00762377	0.116554	0.00908746	0.000388051	0.132651	0.0679931	0.000470707	
0.0464501	0.0339404	0.105643	0.0281804	0.0186953	0.113042	0.0465783	0.0378245	0.00614847	0.0414771	0.00861241	0.00468494	0.0128948	0.0438866	0.108766	0.0216117	0.0957594	0.0176861	0.0313758	0.176744	
0.0869944	0.0251783	0.0806188	0.0131261	0.0238978	0.0540216	0.048565	0.067501	0.022934	0.13441	0.0200603	0.175571	0.0127664	0.017337	0.0176972	0.0141824	0.0116202	0.0699517	0.00484606	0.0987201	
0.177792	0.00765917	0.0203583	0.0291876	0.0245159	0.0231864	0.0533419	0.0556619	0.0119455	0.0702498	0.00405582	0.0280402	0.0632274	0.0339131	0.0684427	0.030424	0.117399	0.0345091	0.124917	0.0211731	
0.0150465	0.00700107	0.0294396	0.136052	0.0739571	0.0186007	0.0305832	0.168935	0.0194478	0.0861855	0.112115	0.044232	0.054609	0.0609672	0.00592842	0.0661803	0.0208827	0.00830206	0.0198492	0.0216854	
0.0207571	0.00162174	0.3124	0.146945	0.00751188	0.00160547	0.0453578	0.0311965	0.0516902	0.02892	0.0584183	0.0170742	0.0839397	0.0886331	0.00227632	0.0287948	0.00245014	0.0220131	0.0471689	0.00122522	
0.0210397	0.0401825	0.0144933	0.0637145	0.00252523	0.145817	0.0275002	0.0166205	0.118619	0.0020806	0.12889	0.0766316	0.00645516	0.019784	0.0569578	0.0380103	0.00109121	0.0183295	0.0748679	0.12639	
0.00431871	0.00694528	0.105706	0.0197133	0.0815944	0.109518	0.060075	0.0267403	0.0492721	0.01118	0.0161468	0.0839582	0.0545068	0.00715799	0.0703704	0.155974	0.072793	0.0110488	0.0110749	0.0419057	
0.00929842	0.00574452	0.00903836	0.0530989	0.00730163	0.0820965	0.0669044	0.0628165	0.010804	0.0560339	0.0037341	0.119729	0.0221777	0.070385	0.0124069	0.0283562	0.0315624	0.0183372	0.275406	0.0547683	
0.00462602	0.0462725	0.122611	0.00773665	0.0210182	0.0126903	0.0852272	0.150066	0.0393849	0.0454272	0.00371412	0.047235	0.0156773	0.094071	0.159315	0.0241347	0.0405472	0.0513843	0.0164791	0.012382	
0.0987495	0.181551	0.0270545	0.0223939	0.0220356	0.0243557	0.0431754	0.0391799	0.0933447	0.0189365	0.0440979	0.107487	0.00519729	0.0269896	0.0285812	0.00417892	0.050638	0.0173262	0.0789775	0.0657493	
0.0910512	0.00248454	0.0610462	0.0155452	0.111268	0.0101415	0.00579445	0.074088	0.0200583	0.0286927	0.0249159	0.16136	0.0058728	0.00619323	0.0743419	0.0444015	0.0158718	0.0156078	0.0648889	0.166377	
0.111779	0.0617671	0.0586185	0.096422	0.106944	0.0159898	0.0690166	0.060218	0.0196544	0.0563919	0.0139996	0.111903	0.00681563	0.133256	0.0340188	0.00968901	0.00681952	0.00664344	0.0068721	0.0131823	
0.10751	0.0928676	0.030143	0.0974571	0.0216715	0.120033	0.02654	0.0476039	0.0296526	0.105121	0.0272292	0.0425238	0.0141999	0.0628811	0.02319	0.0123189	0.0542404	0.0567713	0.00375742	0.0242885	
0.0510428	0.000960447	0.00373033	0.0921908	0.0139576	0.000613378	0.0128793	0.0279106	0.00434629	0.0732444	0.12621	0.0632959	0.00837181	0.0239576	0.271535	0.00858085	0.0937375	0.0841528	0.017028	0.0222552	
0.039511	0.245846	0.0092798	0.0614384	0.00272499	0.0506622	0.0776151	0.061179	0.0643104	0.00787518	0.0491606	0.00855232	0.0342989	0.00598193	0.00611779	0.0975759	0.0134608	0.153881	0.0048541	0.00567432	
0.0488236	0.0379615	0.0472545	0.0226753	0.00841001	0.0478289	0.0212398	0.168493	0.150493	0.0336024	0.00836944	0.100762	0.0106502	0.00565275	0.0452234	0.00270117	0.0132045	0.0506093	0.147963	0.0280827	
0.0685739	0.0389159	0.0790858	0.00891739	0.11059	0.011507	0.0139525	0.00203513	0.108207	0.0163605	0.0391875	0.0461463	0.00617027	0.0338643	0.0787979	0.0390493	0.157656	0.0356343	0.0057694	0.0995791	
0.0534687	0.0263696	0.0111709	0.0330456	0.0427369	0.0963254	0.000975525	0.00741034	0.157493	0.0886486	0.0218009	0.0304556	0.0282019	0.0576191	0.0296772	0.0122296	0.0714001	0.10224	0.0213701	0.107361	
0.0937665	0.0328867	0.053459	0.00908737	0.03157	0.0315076	0.0532066	0.0223115	0.112976	0.00769545	0.124314	0.00553266	0.0460815	0.0493408	0.0929248	0.00803141	0.00197046	0.0451421	0.116315	0.0618807	
0.0911052	0.0330591	0.0704525	0.0867433	0.0293245	0.0203444	0.0762188	0.0646598	0.011525	0.0631579	0.0554873	0.0287155	0.16917	0.00112461	0.0862242	0.0126382	0.00236868	0.047477	0.0304352	0.0197683	
0.0342838	0.0506819	0.18367	0.0217343	0.0139478	0.0642759	0.14948	0.0540694	0.00939892	0.020485	0.0260799	0.094449	0.0579409	0.0113639	0.00952777	0.11992	0.0094692	0.0078032	0.0271284	0.0342913	
0.0105306	0.0716366	0.0232057	0.0576033	0.0772396	0.137443	0.0131857	0.038149	0.00964051	0.00997507	0.14986	0.0143711	0.0690514	0.0240971	0.0196943	0.0773028	0.0489042	0.0235859	0.0695827	0.054941	
0.0746677	0.0262348	0.0167581	0.0599903	0.120778	0.0521456	0.0292929	0.101267	0.182182	0.00509602	0.00977345	0.0222009	0.0271719	0.0766855	0.0290014	0.0164468	0.0462317	0.0560095	0.0459707	0.00209549	
0.0376448	0.018798	0.0714385	0.0335065	0.0246658	0.0622608	0.125755	0.187114	0.0172845	0.00951011	0.0762455	0.0292018	0.0797987	0.0144708	0.0228037	0.0143591	0.0127661	0.10444	0.0457704	0.0121659	
0.0460473	0.0777437	0.0474405	0.0665489	0.041744	0.00234366	0.0153373	0.0633254	0.0271101	0.168046	0.132175	0.000855885	0.0737882	0.0104644	0.109423	0.0699348	0.00292352	0.00254763	0.00894047	0.0332602	
0.0735021	0.0987591	0.0598866	0.0152825	0.0708511	0.0439793	0.0298727	0.00821798	0.071329	0.000364328	0.0231095	0.00413932	0.00347486	0.0191523	0.155904	0.0583506	0.169841	0.0560768	0.021686	0.0162208	
0.0463536	0.0254248	0.0413955	0.0147998	0.00956383	0.254829	0.0962245	0.0366762	0.00769066	0.0172154	0.00650031	0.0320707	0.0301115	0.0262053	0.047498	0.0238792	0.0928571	0.0147003	0.149203	0.0268016	
0.0173994	0.0132876	0.0273913	0.164484	0.0114237	0.0250233	0.0112607	0.00275061	0.00196784	0.0252171	0.0599423	0.00510944	0.05175	0.0048823	0.0374335	0.156028	0.00906492	0.132911	0.230577	0.012097	
0.0419441	0.150251	0.0668939	0.159359	0.0779146	0.00929666	0.0264624	0.0795496	0.000939887	0.0652966	0.0013885	0.045647	0.0289724	0.0722965	0.0766959	0.0240671	0.00140092	0.0128128	0.0049758	0.0538351	
0.0128154	0.00922248	0.0719327	0.111555	0.0852565	0.0218974	0.031944	0.0768742	0.00520537	0.11412	0.124168	0.0464644	0.0164666	0.0772933	0.0419581	0.0268501	0.00256162	0.022026	0.0548808	0.0465086	
0.185742	0.247266	0.0299556	0.0740201	0.0598376	0.0272903	0.0374767	0.0761167	0.0414309	0.00938784	0.00335941	0.023185	0.0107723	0.0304857	0.0177491	0.0192002	0.0448476	0.00612882	0.00958016	0.0461681	
0.0183275	0.00514368	0.0916057	0.13201	0.0365811	0.0304791	0.0470054	0.0871371	0.0331139	0.0241817	0.119015	0.00305221	0.0408529	0.0128664	0.0986739	0.0015109	0.0283877	0.0829388	0.0959886	0.0111281	
0.0631627	0.0194841	0.0647121	0.0362941	0.0258637	0.0127571	0.0684831	0.0575616	0.0145639	0.0709867	0.0458126	0.16883	0.0365462	0.00551934	0.0170298	0.0143254	0.115195	0.0392513	0.0622679	0.061354	
0.0231397	0.028788	0.087064	0.00230004	0.00715233	0.11822	0.105981	0.0167022	0.00672443	0.0610581	0.0714653	0.0696803	0.0952644	0.0112393	0.030744	0.0323586	0.0801156	0.0798116	0.010626	0.0615649	
0.0240078	0.0253421	0.0233603	0.0251907	0.0458926	0.170179	0.038326	0.0630448	0.0412284	0.00219611	0.0450835	0.0672713	0.0231617	0.0501321	0.0150784	0.146985	0.0354549	0.0353118	0.0890467	0.0337062	
0.0808109	0.0798965	0.0142256	0.0237443	0.0198643	0.0803208	0.147784	0.0488562	0.00515965	0.0391152	0.0494335	0.00974349	0.0457649	0.0322185	0.0744265	2.07288e-05	0.0829043	0.0937997	0.00807886	0.0638322	
0.149053	0.0294611	0.0474951	0.0189116	0.0722011	0.099454	0.0284266	0.0843503	0.0291334	0.117046	0.0133923	0.023263	0.00558086	0.0486292	0.00993189	0.0918182	0.0118715	0.0930057	0.00512958	0.0218452	
0.0338048	0.0992132	0.0579109	0.0642254	0.0467907	0.0265793	0.079431	0.0253284	0.171847	0.0264759	0.0511186	0.0208444	0.0155924	0.0111002	0.0484088	0.0139769	0.0244555	0.00267646	0.0235286	0.156691	
0.0284851	0.163463	0.00378718	0.0494131	0.00741718	0.104394	0.0125286	0.0314968	0.0570838	0.104842	0.0107658	0.0156894	0.0231763	0.0177814	0.032465	0.158074	0.127292	0.0287749	0.0127461	0.0103245	
0.192203	0.0348007	0.116874	0.123931	0.111117	0.012092	0.0149157	0.0104676	0.0156637	0.0104883	0.0369399	0.030303	0.0183795	0.00594984	0.00986392	0.0258818	0.122252	0.0695804	0.0197103	0.018586	
0.0871211	0.104696	0.0606308	0.0409345	0.140568	0.0158937	0.00676868	0.0731498	0.0363586	0.0209874	0.0712329	0.0357613	0.0553807	0.0259785	0.0156756	0.0524247	0.0158338	0.0370453	0.0854967	0.0180615	
0.0351165	0.0598797	0.0018986	0.0601717	0.00435396	0.0230404	0.0150173	0.0330521	0.0148014	0.112419	0.0224247	0.00415507	0.0131161	0.0101703	0.342017	0.0474859	0.0533624	0.0338405	0.0082105	0.105467	
0.0661775	0.0836995	0.05763	0.0659954	0.0272361	0.0635901	0.0705026	0.0136225	0.0392909	0.000129307	0.0256875	0.0617978	0.0389398	0.125573	0.020971	0.114678	0.00113163	0.0415552	0.019309	0.062483	
0.0271853	0.0358926	0.00903171	0.117806	0.199312	0.00226072	0.011679	0.0638495	0.0579611	0.00406232	0.0684192	0.0831962	0.049514	0.0341971	0.00212861	0.027949	0.138336	0.00144535	0.0466716	0.0191032	
0.0979619	0.0181032	0.0078952	0.00562838	0.00368997	0.0121228	0.0276671	0.157935	0.00917147	0.0272356	0.0329847	0.00724521	0.265251	0.180294	0.0365234	0.0243437	0.0317814	0.0116427	0.0405313	0.00199212	
0.0865923	0.0373331	0.0683793	0.063798	0.0588579	0.0914243	0.0660248	0.101228	0.115053	0.0769445	0.0574903	0.00527855	0.0216344	0.056217	0.00400076	0.0144854	0.00411881	0.0125282	0.00543774	0.0531742	
0.0151004	0.0048	0.068266	0.0800774	0.121409	0.000383234	0.0650127	0.0258171	0.00200498	0.218726	0.0419753	0.00905966	0.0565491	0.127892	0.0306899	0.0168242	0.0219346	0.0525906	0.0293002	0.0115877	
0.0576299	0.0629163	0.000755062	0.041208	0.109733	0.0698094	0.0233371	0.0263799	0.0670459	0.031414	0.0611512	0.0869918	0.0257187	0.0865571	0.00776488	0.00013109	0.0233242	0.0576285	0.0299688	0.130535	
0.0385287	0.0229746	0.00708151	0.26967	0.0338852	0.00194797	0.115284	0.00679432	0.0437369	0.0504729	0.00393377	0.0157915	0.00849924	0.019779	0.143696	0.0238645	0.0505551	0.00112662	0.0297307	0.112648	
0.0521307	0.0294324	0.112776	0.0199572	0.0324069	0.0757946	0.132407	0.00261116	0.0134743	0.0324417	0.000815591	0.0291091	0.0895944	0.0824772	0.0451431	0.0304191	0.0272414	0.0391232	0.0814349	0.0712097	
0.0305351	0.0223204	0.0238608	0.00984301	0.0291859	0.148664	0.0725854	0.0292619	0.012563	0.0231343	0.028449	0.0411573	0.00273825	0.111329	0.0396418	0.191271	0.0327704	0.0404089	0.0107836	0.099497	
0.0123428	0.0435185	0.0966653	0.0101716	0.163162	0.0245777	0.0617121	0.0654771	0.00609098	0.026707	0.0580738	0.107892	0.0446959	0.0360127	0.0199447	0.186941	0.00400374	0.0049178	0.000696855	0.0263963	
0.0866992	0.0800213	0.0628183	0.0918765	0.0317442	0.104604	0.0442818	0.0941687	0.0737652	0.0201348	0.0475733	0.0173592	0.001814	0.064185	0.0393881	0.0434156	0.031691	0.00959968	0.0218322	0.0330282	
0.0640487	0.0192982	0.0301436	0.034305	0.0180461	0.0727558	0.0367977	0.179389	0.00576242	0.0568256	0.036543	0.0231469	0.0431606	0.0204967	0.00330202	0.105776	0.00734055	0.163789	0.0156525	0.0634206	
0.0487527	0.0456138	0.0683821	0.0627793	0.000523147	0.0434103	0.0475776	0.0408557	0.128418	0.14814	0.0139352	0.0506385	0.0626136	0.0377124	0.0962588	0.00421055	0.00042772	0.0183661	0.0633651	0.0180189	
0.122861	0.0116127	0.0186737	0.0134713	0.0875247	0.0591974	0.0150848	0.0082179	0.0135877	0.0430314	0.0853309	0.00751269	0.0352715	0.0453016	0.0593299	0.0575747	0.0112647	0.0164851	0.239645	0.0490213	
0.0120934	0.032013	0.00608446	0.06251	0.00115347	0.0313073	0.0457328	0.161241	0.00388463	0.0469319	0.0256178	0.0632868	0.11731	0.0412751	0.0216048	0.0637409	0.0923065	0.0222957	0.0708462	0.0787642	
0.0540871	0.0707499	0.0279189	0.0634305	0.00133298	0.0445918	0.132462	0.011369	0.00531689	0.107879	0.0252696	0.0531144	0.0444205	0.0331074	0.103992	0.00228817	0.110696	0.00972078	0.0650297	0.0332233	
0.0606223	0.139292	0.0460141	0.0235921	0.0285033	0.057579	0.0194364	0.139263	0.0884571	0.00551981	0.0174682	0.0157303	0.0714246	0.0137386	0.0768219	0.0387906	0.0266026	0.0040519	0.108897	0.0181955	
0.0184707	0.0441641	0.0234676	0.0149202	0.0290608	0.124316	0.0361916	0.0422992	0.0664505	0.0152281	0.0758377	0.00939752	0.0797373	0.0516272	0.0916703	0.0465749	0.147479	0.0346707	0.0331698	0.0152668	
0.0563378	0.0503228	0.0849935	0.0148937	0.00870697	0.0848109	0.00671029	0.0257249	0.0775484	0.0129171	0.00427728	0.000614717	0.140046	0.162329	0.0308733	0.0307257	0.00324333	0.129768	0.0155597	0.0595959	
0.101356	0.058907	0.199627	0.0180189	0.00266136	0.132098	0.0596117	0.0178734	0.0328399	0.0754491	0.0301146	0.0298281	0.00239479	0.0285347	0.0473171	0.0401268	0.0650863	0.0342831	0.00529572	0.0185758	
0.0598813	0.0163979	0.0603156	0.00462874	0.0740329	0.0729243	0.0190608	0.00313884	0.11776	0.0669297	0.0427729	0.0970301	0.00125759	0.0177848	0.00728268	0.0669822	0.0209978	0.0839126	0.107503	0.0594062	
0.02727	0.0951992	0.0815624	0.0304912	0.0097322	0.0735079	0.0150211	0.00746859	0.00926815	0.0202836	0.0845189	0.0572135	0.0969592	0.0559369	0.0507647	0.0509327	0.0405324	0.0796591	0.00789062	0.105788	
0.0168264	0.0284553	0.0259208	0.0156464	0.0413266	0.0410151	0.0229972	0.077703	0.0267946	0.0692833	0.0146378	0.156274	0.140865	0.116907	0.0312744	0.0358009	0.016981	0.00106928	0.072974	0.0472468	
0.00184742	0.0696216	0.083992	0.202311	0.0383943	0.0312647	0.00215453	0.0488186	0.0132018	0.000645783	0.10236	0.024637	0.0310828	0.104831	0.0151303	0.100661	0.0076228	0.0253934	0.081164	0.014867	
0.0619414	0.070039	0.0592545	0.0774437	0.0216228	0.075471	0.0265141	0.0130477	0.0893498	0.0638061	0.0759885	0.034314	0.0783242	0.0706214	0.0384818	0.0505673	0.0238137	0.00107352	0.0610162	0.00730945	
0.0149232	0.121353	0.0146848	0.014254	0.0775593	0.017676	0.00985663	0.0483492	0.0253527	0.0706489	0.0170003	0.0315848	0.012577	0.0782996	0.0156005	0.0507993	0.16269	0.0253913	0.174997	0.016403	
0.00453657	0.0117671	0.0167699	0.0380868	0.022426	0.0433019	0.0049642	0.0510864	0.00605956	0.0247091	0.0140613	0.110313	0.121027	0.0204564	0.109413	0.069054	0.0341615	0.0133166	0.205205	0.0792853	
0.00182962	0.0391109	0.0094776	0.0383036	0.0289853	0.0507531	0.0252279	0.000151414	0.0775787	0.110263	0.0268151	0.057153	0.0597131	0.0213521	0.0482524	0.0229474	0.295751	0.0278863	0.0200929	0.0383552	
0.0414271	0.0356416	0.0779758	0.0358246	0.0369451	0.0361404	0.0544962	0.0313795	0.458967	0.00652717	0.0229518	0.0121915	0.0500356	0.0328206	0.00760211	0.0082328	0.00851321	0.0227321	0.00182495	0.0177707	
0.031335	0.11953	0.00788959	0.111371	0.0181728	0.0449357	0.0605642	0.00359666	0.0101255	0.0377282	0.0424241	0.00800373	0.0340074	0.0288157	0.0188495	0.068132	0.0127496	0.22259	0.0664945	0.0526853	
0.0417846	0.0828723	0.0117556	0.0375824	0.00724933	0.00311052	0.162639	0.0231585	0.0981723	0.0187996	0.0345318	0.200618	0.0533354	0.0296611	0.00626189	0.0242546	0.0930932	0.0395196	0.0191645	0.012436	
0.00386268	0.0535954	0.0772421	0.0134498	0.0601164	0.120998	0.0678951	0.000346216	0.0258946	0.207493	0.0268149	0.0238307	0.0384279	0.0851277	0.0758048	0.0307067	0.0416862	0.00352802	0.0391251	0.00405397	
0.00270415	0.0036025	0.0626077	0.0591256	0.0507883	0.0137486	0.0355636	0.0624254	0.0105519	0.0953437	0.0694435	0.1175	8.2125e-05	0.121144	0.0128365	0.0846095	0.0879703	0.0420349	0.0446029	0.0233147	
0.0435608	0.144494	0.0301234	0.0248206	0.0650491	0.0209669	0.0394755	0.0250737	0.0192767	0.0843566	0.0750283	0.00209885	0.0850399	0.00869688	0.0184737	0.00765406	0.136161	0.0402051	0.12055	0.00889427	
0.101588	0.0193276	0.0963254	0.00626011	0.0920954	0.0243528	0.067202	0.0717071	0.0256565	0.0230297	0.0370194	0.00110056	0.000126214	0.000254803	0.082856	0.0428134	0.0083029	0.274463	0.00231157	0.0232077	
0.0138564	0.0110037	0.00382896	0.00620093	0.00911211	0.00904522	0.196398	0.0117008	0.0493643	0.0143104	0.150564	0.120621	0.0636413	0.0493289	0.040626	0.108971	0.0475763	0.0154303	0.0113935	0.0670275	
0.00668038	0.11762	0.0101113	0.0276286	0.164735	0.081684	0.0767652	0.0429323	0.0141118	0.0119216	0.0361869	0.0162051	0.0121923	0.0292534	0.0477957	0.0441505	0.0428002	0.0363891	0.104768	0.0760683	
0.0121507	0.000380742	0.269009	0.120124	0.0132499	0.0409228	0.00872188	0.0147284	7.30881e-05	0.00197529	0.0804241	0.00674351	0.00646193	0.0073038	0.059901	0.0675224	0.123457	0.00464227	0.0572398	0.104968	
0.000958211	0.099098	0.0867949	0.0797297	0.0681047	0.0384797	0.00132361	0.0223369	0.0112481	0.00201342	0.096976	0.103911	0.0285696	0.0567675	0.00154646	0.0950124	0.0719052	0.0447017	0.0430221	0.0475008	
0.0488912	0.135981	0.111679	0.0108994	0.0532975	0.0484014	0.0253221	0.0988309	0.0831011	0.0306069	0.00109146	0.0548055	0.00160517	0.0219142	0.0400182	0.0196735	0.0427572	0.0249489	0.0211616	0.125014	
0.0358254	0.0340104	0.0285021	0.100247	0.0363541	0.0229623	0.0288679	0.03485	0.0170152	0.0296118	0.111895	0.0804815	0.0585557	0.0333116	0.0606383	0.00633981	0.0632217	0.0183635	0.0530434	0.145903	
0.000543667	0.298768	0.0119288	0.0588291	0.0917932	0.0435363	0.082105	0.00745009	0.0351038	0.000369632	0.107916	0.0925053	0.0065559	0.000112225	0.0210527	0.0208017	0.00682376	0.0483177	0.0636076	0.00187979	
0.0430553	0.0142415	0.0060921	0.162462	0.0677667	0.00264765	0.069291	0.0205769	0.033377	0.0320506	0.0568541	0.0120004	0.0412465	0.00881542	0.164587	0.0557355	0.153036	0.021637	0.0134468	0.0210806	
0.0236911	0.0523022	0.00176075	0.00682273	0.0462928	0.0486419	0.0383725	0.01283	0.120153	0.0245808	0.0128107	0.00668523	0.0921694	0.00953617	0.22365	0.07641	0.10976	0.00363507	0.0427793	0.0471159	
0.0394016	0.273757	0.0154715	0.00929578	0.0850352	0.00928301	0.00839164	0.0441618	0.0655396	0.00222737	0.0157278	0.0146851	0.0095542	0.114832	0.0176448	0.054786	0.00660829	0.0782988	0.109079	0.0262182	
0.121743	0.0984165	0.0228493	0.0866737	0.0954467	0.0120468	0.106874	0.0280424	0.0263366	0.005014	0.0104483	0.121774	0.000902184	0.0232672	0.0120867	0.0662978	0.0622079	0.0170996	0.0260548	0.0564185	
0.00516124	0.00111373	0.000354749	0.0347204	0.00846282	0.153027	0.057288	0.192054	0.00933727	0.0238673	0.0107185	0.0247601	0.0400133	0.0230471	0.0471459	0.00974988	0.171537	0.0729144	0.111444	0.00328408	
0.170984	0.0314189	0.0394298	0.0153145	0.0146475	0.0281897	0.0107757	0.0419003	0.00484871	0.0894146	0.0296181	0.0119779	0.0169676	0.0226379	0.00792882	0.015306	0.00392605	0.234547	0.197042	0.0131255	
0.0317821	0.0578229	0.0105988	0.0376887	0.00220909	0.0684676	0.070307	0.0890193	0.0648684	0.00412337	0.0482565	0.00376415	0.0886553	0.0430711	0.00400861	0.0100961	0.0869276	0.0604607	0.167458	0.0504144	
0.126923	0.00770562	0.0570598	0.0119823	0.198643	0.0119751	0.0487137	0.00201065	0.0216393	0.202798	0.00332876	0.00988174	0.015473	0.00194884	0.0214743	0.00691639	0.0837835	0.149186	0.0130076	0.00554902	
0.0397835	0.0901605	0.0135577	0.0215023	0.0135238	0.288222	0.0323237	0.053643	0.0454797	0.0276701	0.0125044	0.0487578	0.0475072	0.0202373	0.08531	0.0154502	0.00398448	0.098958	0.0203466	0.021078	
0.0201284	0.0451344	0.0547833	0.0295289	0.0929669	0.137198	0.0433703	0.0406705	0.0264954	0.000276461	0.0407824	0.0882348	0.0305682	0.0589109	0.0755005	0.0378445	0.0627153	0.031272	0.0338193	0.0497995	
0.0955348	0.0914647	0.0772055	0.0117015	0.0306108	0.0192575	0.0673304	0.0728986	0.0219844	0.025742	0.0358861	0.0397051	0.083394	0.0454582	0.106177	0.0200174	0.00750527	0.040309	0.0770245	0.0307933	
1.60703e-05	0.00341492	0.0127518	0.0375276	0.0343189	0.0440412	0.0590879	0.00268093	0.134674	0.0251517	0.0819598	0.00463707	0.0108526	0.15262	0.0305272	0.0166977	0.00189153	0.127217	0.0937773	0.126155	
0.0833057	0.00919129	0.0282214	0.0902312	0.0154458	0.088401	0.00457632	0.14715	0.00345876	0.0372675	0.118046	0.0356702	0.0163792	0.0382873	0.112031	0.0303108	0.0702648	0.0225973	0.0438341	0.00533053	
0.127712	0.0190756	0.0931341	0.0132511	0.0428681	0.176955	0.017359	0.0201838	0.058313	0.0523926	0.0150802	0.0711027	0.0345413	0.0223847	0.0463707	0.043692	0.077829	0.0285817	0.024357	0.0148169	
0.236794	0.0236306	0.0566165	0.0282853	0.0551211	0.0562494	0.0125256	0.0596433	0.00697891	0.143462	0.0164725	0.0181986	0.00858452	0.0537927	0.0110989	0.0711125	0.0424803	0.0303701	0.0660596	0.00252316	
0.106025	0.019181	0.122964	0.0688012	0.0905721	0.122917	0.04796	0.0236562	0.0897277	0.0236145	0.0638789	0.00870119	0.0265296	0.0153313	0.0117908	0.065371	0.0455638	0.0231183	0.00788662	0.0164094	
0.0500126	0.00449778	0.164442	0.0797628	0.0114765	0.0152912	0.0672962	0.0868329	0.0437806	0.12918	0.0367008	0.004964	0.0387322	0.00376585	0.120267	0.0612084	0.0476008	0.0111053	0.012174	0.0109096	
0.0207367	0.147976	0.0285516	0.0172562	0.109992	0.0144291	0.00369132	0.152052	0.0661303	0.0143859	0.0398222	0.0132952	0.000537579	0.00512214	0.0944951	0.0218381	0.00794264	0.200063	0.015227	0.0264555	
0.0357219	0.0887117	0.0436346	0.00675193	0.0352767	0.0369759	0.00352685	0.00295643	0.111161	0.179072	0.0617578	0.0480667	0.0020322	0.0555306	0.0109797	0.0346836	0.131873	0.00430053	0.0349133	0.0720734	
0.0236762	0.0485903	0.0107574	0.0254019	0.0296786	0.0978188	0.0157734	0.0428087	0.0121679	0.0303952	0.0621756	0.107228	0.00193265	0.0568877	0.0201775	0.0712856	0.0467903	0.112434	0.130012	0.0540084	
0.0295327	0.020815	0.0413304	0.0161017	0.0313377	0.116756	0.111706	0.0412411	0.0897403	0.041734	0.00201515	0.190085	0.0370555	0.035856	0.0238622	0.0254779	0.0404242	0.0133819	0.00441142	0.0871359	
0.00509269	0.00203042	0.0572859	0.0209323	0.0454092	0.102464	0.0300415	0.0271011	0.0436449	0.209712	0.0769073	0.00647375	0.0125256	0.103608	0.0167808	0.0616178	0.11918	0.00944653	0.0343432	0.0154038	
0.0145983	0.0905799	0.0405223	0.013015	0.000581276	0.0378745	0.0847356	0.0517375	0.0334379	0.0765835	0.134239	0.0363551	0.0373667	0.0282101	0.0782664	0.0310777	0.0409564	0.0886668	0.00395477	0.0772419	
0.0203894	0.00539301	0.0155201	0.0332346	0.0223755	0.0176065	0.0380322	0.203878	0.00500637	0.0208213	0.00325052	0.0290486	0.106672	0.0578048	0.00855361	0.0921375	0.129943	0.00844175	0.0950981	0.086793	
0.101368	0.0144164	0.0108923	0.0795897	0.108094	0.00956101	0.0601194	0.00868789	0.115768	0.0102071	0.103412	0.0445501	0.0250351	0.00790849	0.023734	0.138639	0.0239821	0.0089478	0.102387	0.00269954	
0.00582998	0.112789	0.0290837	0.0288705	0.0151209	0.000394136	0.0751408	0.0862996	0.000616662	0.0513249	0.132126	0.0392129	0.0147033	0.011794	0.0104237	0.0119018	0.177648	0.0400141	0.144538	0.0121684	
0.123799	0.00221655	0.0655264	0.00235695	0.0372612	0.0415247	0.238336	0.00890206	0.027602	0.133855	0.000318689	0.0748029	0.0125637	0.018546	0.0820077	0.00552012	0.0354288	0.0318004	0.0157485	0.041884	
0.00212454	0.0249265	0.0516694	0.0399857	0.26749	0.042739	0.017525	0.0149986	0.0331381	0.0809934	0.0121813	0.0343436	0.140655	0.0286391	0.0130111	0.0626217	0.00461813	0.0324835	0.0374259	0.0584297	
0.0202544	0.160856	0.0213111	0.00186857	0.031531	0.108956	0.163714	0.0842172	0.0177384	0.00108386	0.065019	0.0643933	0.0404448	0.00798101	0.0328442	0.039363	0.0699174	0.0053835	0.0595618	0.00356131	
0.0855316	0.0077899	0.0307794	0.10255	0.010666	0.0833631	0.0784319	0.0430336	0.0121247	0.0179722	0.0281098	0.0382129	0.0415308	0.127785	0.00998122	0.113685	0.0847017	0.0476138	0.0296095	0.00652784	
0.0740681	0.0354665	0.0630151	0.021833	0.0509399	0.101375	0.0122665	0.000895147	0.00667615	0.0355398	0.0122491	0.127321	0.0127504	0.0646949	0.189832	0.0380092	0.0396116	0.0204218	0.0530454	0.0399904	
0.0737821	0.0465921	0.0717387	0.0876735	0.0207657	0.0269452	0.0706137	0.198555	0.0140312	0.0115949	0.0170944	0.0339686	0.0109199	0.0115767	0.00807548	0.0221739	0.198832	0.0254659	0.0249483	0.0246523	
0.0404725	0.104272	0.0476348	0.0617415	0.0705206	0.0997261	0.0377553	0.0337417	0.00985505	0.0840697	0.0849926	0.158978	0.0289558	0.00931347	0.0501869	0.00408357	0.00711005	0.0304042	0.0331455	0.00304068	
0.0342712	0.0179777	0.139837	0.0223442	0.00533682	0.0105646	0.109953	0.00557603	0.0356941	0.0223788	0.00938608	0.147791	0.0374656	0.0921868	0.0555925	0.151316	0.02042	0.0727182	0.00100748	0.00818279	
0.0634904	0.00785802	0.0282727	0.0872456	0.0111336	0.0397211	0.0292844	0.208122	0.026847	0.107552	0.142829	0.0586129	0.0728633	0.01693	0.0334951	0.0304343	0.0157675	0.00713935	0.000262278	0.0121389	
0.0734619	0.0263125	0.0303076	0.0136128	0.0850252	0.0213314	0.0033071	0.0349	0.0525023	0.0358467	0.020261	0.00481483	0.0288536	0.180478	0.0755673	0.0170771	0.00895951	0.158607	0.0167556	0.112018	
0.0124628	0.0207382	0.0504107	0.0213104	0.0874966	0.0101474	0.0747312	0.0602317	0.00214781	0.011668	0.0106618	0.16383	0.0193234	0.103834	0.111996	0.110375	0.0682082	0.000560846	0.0361655	0.0237003	
0.102025	0.00664131	0.0200062	0.0209236	0.0013605	0.179126	0.00738191	0.0279929	0.0434558	0.0678972	0.0218306	0.0665243	0.00738581	0.0108848	0.160931	0.00237226	0.0311543	0.0207285	0.141048	0.0603296	
0.0152212	0.0473934	0.00605245	0.00933343	0.0153395	0.0349742	0.0866879	0.0200459	0.0092899	0.00151569	0.167041	0.176065	0.0129181	0.0162266	0.0529406	0.0163632	0.0486477	0.0162051	0.152731	0.0950084	
0.0311676	0.00103567	0.0149968	0.0450148	0.0267689	0.00616185	0.0774594	0.0730362	0.00260448	0.0205881	0.0657155	0.0500606	0.0793376	0.0162233	0.0118483	0.275072	0.0349059	0.00259369	0.0952411	0.0701686	
0.115364	0.0669669	0.0233289	0.0304202	0.120042	0.00994454	0.0250491	0.0115146	0.0761894	0.0376099	0.00712942	0.0328521	0.02022	0.0145457	0.0182223	0.0857507	0.0511184	0.0910686	0.112358	0.050305	
0.000227357	0.0067171	0.00267716	0.0200443	0.0639937	0.00236594	0.0904515	0.0948855	0.0459344	0.0280709	0.000962996	0.106811	0.0194322	0.106549	0.00869394	0.0793986	0.00875069	0.0332891	0.0100403	0.270704	
0.0530965	0.0313413	0.00761491	0.0198477	0.0198802	0.0355318	0.069926	0.0260076	0.0649733	0.0519816	0.0528512	0.121315	0.0816996	0.0164021	0.00921951	0.0610977	0.0614819	1.72078e-05	0.0967051	0.11901	
0.0305652	0.137089	0.0153395	0.0589751	0.0979575	0.00332893	0.00164987	0.048724	0.0083979	0.0196625	0.000887503	0.00421549	0.03016	0.0330674	0.0279121	0.108814	0.0878666	0.0926553	0.118779	0.0739533	
0.00880438	0.0208106	0.072846	0.062675	0.0234617	0.0585079	0.115787	0.0488762	0.0275882	0.00294314	0.0138291	0.0529772	0.0244514	0.0813405	0.0832201	0.038098	0.0512901	0.0534026	0.0739365	0.0851548	
0.0113185	0.0458977	0.0794122	0.0237107	0.068316	0.00565381	0.00291872	0.0128112	0.205287	0.00343225	0.100519	0.00142568	0.0513449	0.0166984	0.037737	0.0013987	0.149809	0.0942307	0.0837399	0.00433825	
